camera_matrix:
- - 880.4974715860117
  - 0.0
  - 398.9739703246173
- - 0.0
  - 902.1950273758554
  - 227.98933112464468
- - 0.0
  - 0.0
  - 1.0
dist_coeff:
- - -0.7348160777089606
  - 0.0919431528798969
  - 0.0007026067000145972
  - -0.06706419688324669
  - 0.05264730914612101
